58045271
57756558
58592078
59285826
57971951
59898610
57676404
57551065
59397759
57687870
59378144
57421191
59306411
59333719
52583769
57536106
57755380
58031509
57536106
57375363
52511738
58263723
57514536
57772048
52563752
57088690
59265104
59218874
54987273
59296678
52561379
52561379
57819641
54946202
58069180
58079473
58572220
57561020
54234095
58476263
57603333
57676535
52501633
58012345
57177334
57407254
52573637
52505405
58680346
57120357
57967956
57571736
57984173
52509429
58197538
59462718
57644297
57809901
57883212
52596329
57659206
57719807
58558588
59482317
59242153
58194904
57551999
59726798
52563186
52537223
52502176
52591541
57469735
57771213
57136696
57743056
57882238
57161851
59274946
57973339
52504122
57832188
59497654
57512877
59342814
57613565
57613565
58252035
52523590
57606686
59426957
57865738
57700022
57099601
57615220
59270393
54293672
57480652
59158909
59306411
57665427
52540570
59109059
59798720
59207635
59137989
59861950
59749936
57419105
58168214
59325220
59337474
52541495
57584572
54234095
54234095
57884784
57161851
57565293
57829941
59845234
57214870
52591541
59809471
57484324
59635380
52513790
57961946
57913633
59254352
57161851
57161851
58061763
57752120
57019817
57978963
59765686
57422096
57639440
59173996
58557811